baseline: 0.1
calibration_time: 2018-06-23-17-26-45
gain: 0.8999999761581421
k: 27.0
limit: 1.0
radius: 0.0318
trim: 0.17499999701976776
