camera_matrix:
  cols: 3
  data: [333.9051378870165, 0.0, 312.4285971096107, 0.0, 331.22166361337236, 228.7455950992629,
    0.0, 0.0, 1.0]
  rows: 3
camera_name: qwer/camera_node
distortion_coefficients:
  cols: 5
  data: [-0.2790063391270302, 0.06430860839268766, 0.0024548967571122607, 0.0033994211180613716,
    0.0]
  rows: 1
distortion_model: plumb_bob
image_height: 480
image_width: 640
projection_matrix:
  cols: 4
  data: [242.64382934570312, 0.0, 317.88741063944326, 0.0, 0.0, 271.8653564453125,
    225.44485941105813, 0.0, 0.0, 0.0, 1.0, 0.0]
  rows: 3
rectification_matrix:
  cols: 3
  data: [1.0, 0.0, 0.0, 0.0, 1.0, 0.0, 0.0, 0.0, 1.0]
  rows: 3
