camera_matrix:
  cols: 3
  data: [341.6560436151094, 0.0, 315.02410417331924, 0.0, 336.45703500609176, 220.26575057406643,
    0.0, 0.0, 1.0]
  rows: 3
camera_name: qwer/camera_node
distortion_coefficients:
  cols: 5
  data: [-0.27605661948405363, 0.056908012551757044, 0.0042483744576623855, 0.0014879588276016768,
    0.0]
  rows: 1
distortion_model: plumb_bob
image_height: 480
image_width: 640
projection_matrix:
  cols: 4
  data: [237.94915771484375, 0.0, 317.88250813842023, 0.0, 0.0, 276.9463806152344,
    214.50012549469466, 0.0, 0.0, 0.0, 1.0, 0.0]
  rows: 3
rectification_matrix:
  cols: 3
  data: [1.0, 0.0, 0.0, 0.0, 1.0, 0.0, 0.0, 0.0, 1.0]
  rows: 3
